6.600000000000000000e+02
1.023000000000000000e+03
1.089000000000000000e+03
1.091000000000000000e+03
1.523000000000000000e+03
1.791000000000000000e+03
1.882000000000000000e+03
2.427000000000000000e+03
2.430000000000000000e+03
2.617000000000000000e+03
2.693000000000000000e+03
2.755000000000000000e+03
2.879000000000000000e+03
2.993000000000000000e+03
3.023000000000000000e+03
3.033000000000000000e+03
3.414000000000000000e+03
3.603000000000000000e+03
3.871000000000000000e+03
3.912000000000000000e+03
3.960000000000000000e+03
4.644000000000000000e+03
4.803000000000000000e+03
5.854000000000000000e+03
5.855000000000000000e+03
6.338000000000000000e+03
6.538000000000000000e+03
6.539000000000000000e+03
6.681000000000000000e+03
7.074000000000000000e+03
7.654000000000000000e+03
7.737000000000000000e+03
7.738000000000000000e+03
8.005000000000000000e+03
8.006000000000000000e+03
8.007000000000000000e+03
8.008000000000000000e+03
